################################################
# ITK-SnAP Label Description File
# File format: 
# IDX   -R-  -G-  -B-  -A--  VIS MSH  LABEL
# Fields: 
#    IDX:   Zero-based index
#    -R-:   Red color component (0..255)
#    -G-:   Green color component (0..255)
#    -B-:   Blue color component (0..255)
#    -A-:   Label transparency (0.00 .. 1.00)
#    VIS:   Label visibility (0 or 1)
#    MSH:   Label mesh visibility (0 or 1)
#    LABEL: Label description
################################################
0     0    0    0        0  0  0    "Clear Label"
1     170   170   184      1  1  0    "Carea_1"
2     218   214   191      1  1  0    "Carea_2"
3     84    191   148      1  1  0    "Carea_3"
4     255   255   255      1  1  0    "Carea_4"
5     243   132   255      1  1  0    "Carea_5"
6     106   203   186      1  1  0    "Carea_6"
7     230   68    56       1  1  0    "Carea_7"
8     45    157   105      1  1  0    "Carea_8"
9     137   208   90       1  1  0    "Carea_9"
10    221   218   72       1  1  0    "Carea_10"
11    255   100   255      1  1  0    "Carea_11"
12    117   199   159      1  1  0    "Carea_12"
13    106   183   166      1  1  0    "Carea_13"
14    62    184   23       1  1  0    "Carea_14"
15    157   188   70       1  1  0    "Carea_15"
16    126   203   186      1  1  0    "Carea_16"
17    218   194   191      1  1  0    "Carea_17"
18    117   179   159      1  1  0    "Carea_18"
19    243   198   120      1  1  0    "Carea_19"
20    115   182   61       1  1  0    "Carea_20"
21    140   191   248      1  1  0    "Carea_21"
22    25    137   105      1  1  0    "Carea_22"
23    248   231   69       1  1  0    "Carea_23"
24    234   186   121      1  1  0    "Carea_24"
25    115   180   61       1  1  0    "Carea_25"
26    126   183   206      1  1  0    "Carea_26"
27    139   205   248      1  1  0    "Carea_27"
28    163   229   236      1  1  0    "Carea_28"
29    251   246   94       1  1  0    "Carea_29"
30    95    202   61       1  1  0    "Carea_30"
31    216   204   204      1  1  0    "Carea_31"
32    31    157   104      1  1  0    "Carea_32"
33    251   246   74       1  1  0    "Carea_33"
34    115   182   41       1  1  0    "Carea_34"
35    128   177   212      1  1  0    "Carea_35"
36    255   155   205      1  1  0    "Carea_36"
37    242   239   159      1  1  0    "Carea_37"
38    31    145   90       1  1  0    "Carea_38"
39    106   203   206      1  1  0    "Carea_39"
40    106   223   186      1  1  0    "Carea_40"
41    16    136   101      1  1  0    "Carea_41"
42    165   223   189      1  1  0    "Carea_42"
43    130   199   174      1  1  0    "Carea_43"
44    255   131   138      1  1  0    "Carea_44"
45    37    184   50       1  1  0    "Carea_45"
46    246   231   98       1  1  0    "Carea_46"
47    11    116   79       1  1  0    "Carea_47"
48    242   130   255      1  1  0    "Carea_48"
49    16    157   76       1  1  0    "Carea_49"
50    25    177   85       1  1  0    "Carea_50"
51    163   209   216      1  1  0    "Carea_51"
52    246   217   84       1  1  0    "Carea_52"
53    255   107   132      1  1  0    "Carea_53"
54    135   180   61       1  1  0    "Carea_54"
55    117   228   110      1  1  0    "Carea_55"
